
=================================================
=================================================
Input: (0.0, 0.0)
Expected Output: 0.0
Actual Output: 0.0
Loss: 0.0
Input: (0.0, 1.0)
Expected Output: 1.0
Actual Output: 0.0
Loss: 0.25
Input: (1.0, 0.0)
Expected Output: 1.0
Actual Output: 0.0
Loss: 0.5
Input: (1.0, 1.0)
Expected Output: 0.0
Actual Output: 0.0
Loss: 0.5
Total Loss: 0.5
	 Ancestry
===========================================

Init::48: Complexity: 5
Init::48: Connections: [(-4, 0), (-1, 0), (-3, 0), (-2, 0)]
Init::48: Nodes: [0]
----------------------------------------------------------

Copied From Genome 48 at generation 0

0::288: Complexity: 5
0::288: Connections: [(-2, 0), (-1, 0), (-3, 0), (-4, 0)]
0::288: Nodes: [0]
----------------------------------------------------------
0: Mutation: Added Layer ((2, 0), (0, 0)) with CPPNON 4							

0::288: Complexity: 16
0::288: Connections: [(-1, 1), (1, 3), (-2, 0), (-4, 2), (-2, 2), (-3, 0), (-3, 1), (2, 3), (-4, 0), (3, 4), (-1, 0)]
0::288: Nodes: [0, 1, 2, 3, 4]
----------------------------------------------------------
0: Mutation: Added Sheet (2, 1) with CPPNONs [5, 6]							

0::288: Complexity: 23
0::288: Connections: [(-4, 5), (-1, 5), (-1, 1), (1, 3), (-2, 0), (-4, 2), (-2, 2), (-3, 0), (3, 6), (-3, 1), (2, 3), (-2, 5), (-4, 0), (3, 4), (-3, 5), (-1, 0)]
0::288: Nodes: [0, 1, 2, 3, 4, 5, 6]
----------------------------------------------------------
0: Weight (-1, 5) change from -0.387618635303 to -1.78326915939

0::288: Complexity: 23
0::288: Connections: [(-4, 5), (-1, 5), (-1, 1), (1, 3), (-2, 0), (-4, 2), (-2, 2), (-3, 0), (3, 6), (-3, 1), (2, 3), (-2, 5), (-4, 0), (3, 4), (-3, 5), (-1, 0)]
0::288: Nodes: [0, 1, 2, 3, 4, 5, 6]
----------------------------------------------------------
0: Weight (-1, 1) change from -1.0 to 3.76132820021

0::288: Complexity: 23
0::288: Connections: [(-4, 5), (-1, 5), (-1, 1), (1, 3), (-2, 0), (-4, 2), (-2, 2), (-3, 0), (3, 6), (-3, 1), (2, 3), (-2, 5), (-4, 0), (3, 4), (-3, 5), (-1, 0)]
0::288: Nodes: [0, 1, 2, 3, 4, 5, 6]
----------------------------------------------------------
0: Weight (1, 3) change from 1.0 to 3.88568271017

0::288: Complexity: 23
0::288: Connections: [(-4, 5), (-1, 5), (-1, 1), (1, 3), (-2, 0), (-4, 2), (-2, 2), (-3, 0), (3, 6), (-3, 1), (2, 3), (-2, 5), (-4, 0), (3, 4), (-3, 5), (-1, 0)]
0::288: Nodes: [0, 1, 2, 3, 4, 5, 6]
----------------------------------------------------------
0: Weight (-2, 0) change from -0.472974672004 to 3.92159361288

0::288: Complexity: 23
0::288: Connections: [(-4, 5), (-1, 5), (-1, 1), (1, 3), (-2, 0), (-4, 2), (-2, 2), (-3, 0), (3, 6), (-3, 1), (2, 3), (-2, 5), (-4, 0), (3, 4), (-3, 5), (-1, 0)]
0::288: Nodes: [0, 1, 2, 3, 4, 5, 6]
----------------------------------------------------------
0: Weight (-4, 2) change from 1.0 to -1.35516016482

0::288: Complexity: 23
0::288: Connections: [(-4, 5), (-1, 5), (-1, 1), (1, 3), (-2, 0), (-4, 2), (-2, 2), (-3, 0), (3, 6), (-3, 1), (2, 3), (-2, 5), (-4, 0), (3, 4), (-3, 5), (-1, 0)]
0::288: Nodes: [0, 1, 2, 3, 4, 5, 6]
----------------------------------------------------------
0: Weight (-2, 2) change from -1.0 to 3.59788066407

0::288: Complexity: 23
0::288: Connections: [(-4, 5), (-1, 5), (-1, 1), (1, 3), (-2, 0), (-4, 2), (-2, 2), (-3, 0), (3, 6), (-3, 1), (2, 3), (-2, 5), (-4, 0), (3, 4), (-3, 5), (-1, 0)]
0::288: Nodes: [0, 1, 2, 3, 4, 5, 6]
----------------------------------------------------------
0: Weight (-3, 0) change from 0.091867543908 to -3.209802096

0::288: Complexity: 23
0::288: Connections: [(-4, 5), (-1, 5), (-1, 1), (1, 3), (-2, 0), (-4, 2), (-2, 2), (-3, 0), (3, 6), (-3, 1), (2, 3), (-2, 5), (-4, 0), (3, 4), (-3, 5), (-1, 0)]
0::288: Nodes: [0, 1, 2, 3, 4, 5, 6]
----------------------------------------------------------
0: Weight (3, 6) change from 0.5 to 1.10553273907

0::288: Complexity: 23
0::288: Connections: [(-4, 5), (-1, 5), (-1, 1), (1, 3), (-2, 0), (-4, 2), (-2, 2), (-3, 0), (3, 6), (-3, 1), (2, 3), (-2, 5), (-4, 0), (3, 4), (-3, 5), (-1, 0)]
0::288: Nodes: [0, 1, 2, 3, 4, 5, 6]
----------------------------------------------------------
0: Weight (-3, 1) change from 1.0 to 5.52244243489

0::288: Complexity: 23
0::288: Connections: [(-4, 5), (-1, 5), (-1, 1), (1, 3), (-2, 0), (-4, 2), (-2, 2), (-3, 0), (3, 6), (-3, 1), (2, 3), (-2, 5), (-4, 0), (3, 4), (-3, 5), (-1, 0)]
0::288: Nodes: [0, 1, 2, 3, 4, 5, 6]
----------------------------------------------------------
0: Weight (2, 3) change from 1.0 to -2.37411206779

0::288: Complexity: 23
0::288: Connections: [(-4, 5), (-1, 5), (-1, 1), (1, 3), (-2, 0), (-4, 2), (-2, 2), (-3, 0), (3, 6), (-3, 1), (2, 3), (-2, 5), (-4, 0), (3, 4), (-3, 5), (-1, 0)]
0::288: Nodes: [0, 1, 2, 3, 4, 5, 6]
----------------------------------------------------------
0: Weight (-4, 0) change from 0.795415132002 to 0.161584835595

0::288: Complexity: 23
0::288: Connections: [(-4, 5), (-1, 5), (-1, 1), (1, 3), (-2, 0), (-4, 2), (-2, 2), (-3, 0), (3, 6), (-3, 1), (2, 3), (-2, 5), (-4, 0), (3, 4), (-3, 5), (-1, 0)]
0::288: Nodes: [0, 1, 2, 3, 4, 5, 6]
----------------------------------------------------------
0: Weight (-1, 0) change from -0.387618635303 to -5.2389640105

0::288: Complexity: 23
0::288: Connections: [(-4, 5), (-1, 5), (-1, 1), (1, 3), (-2, 0), (-4, 2), (-2, 2), (-3, 0), (3, 6), (-3, 1), (2, 3), (-2, 5), (-4, 0), (3, 4), (-3, 5), (-1, 0)]
0::288: Nodes: [0, 1, 2, 3, 4, 5, 6]
----------------------------------------------------------
0: Bias 0 change from -0.296228959626 to -0.379604638215

0::288: Complexity: 23
0::288: Connections: [(-4, 5), (-1, 5), (-1, 1), (1, 3), (-2, 0), (-4, 2), (-2, 2), (-3, 0), (3, 6), (-3, 1), (2, 3), (-2, 5), (-4, 0), (3, 4), (-3, 5), (-1, 0)]
0::288: Nodes: [0, 1, 2, 3, 4, 5, 6]
----------------------------------------------------------
0: Bias 1 change from 0.0 to -0.188269812118

0::288: Complexity: 23
0::288: Connections: [(-4, 5), (-1, 5), (-1, 1), (1, 3), (-2, 0), (-4, 2), (-2, 2), (-3, 0), (3, 6), (-3, 1), (2, 3), (-2, 5), (-4, 0), (3, 4), (-3, 5), (-1, 0)]
0::288: Nodes: [0, 1, 2, 3, 4, 5, 6]
----------------------------------------------------------
0: Bias 3 change from 0.0 to -0.00744409836886

0::288: Complexity: 23
0::288: Connections: [(-4, 5), (-1, 5), (-1, 1), (1, 3), (-2, 0), (-4, 2), (-2, 2), (-3, 0), (3, 6), (-3, 1), (2, 3), (-2, 5), (-4, 0), (3, 4), (-3, 5), (-1, 0)]
0::288: Nodes: [0, 1, 2, 3, 4, 5, 6]
----------------------------------------------------------
0: Bias 4 change from 0.0 to 0.136948884993

0::288: Complexity: 23
0::288: Connections: [(-4, 5), (-1, 5), (-1, 1), (1, 3), (-2, 0), (-4, 2), (-2, 2), (-3, 0), (3, 6), (-3, 1), (2, 3), (-2, 5), (-4, 0), (3, 4), (-3, 5), (-1, 0)]
0::288: Nodes: [0, 1, 2, 3, 4, 5, 6]
----------------------------------------------------------
0: Bias 5 change from -0.296228959626 to 0.110136344039

0::288: Complexity: 23
0::288: Connections: [(-4, 5), (-1, 5), (-1, 1), (1, 3), (-2, 0), (-4, 2), (-2, 2), (-3, 0), (3, 6), (-3, 1), (2, 3), (-2, 5), (-4, 0), (3, 4), (-3, 5), (-1, 0)]
0::288: Nodes: [0, 1, 2, 3, 4, 5, 6]
----------------------------------------------------------
